TITLE:  Tetrahedrane, bisecting plane atoms and interatomic surfaces
PLOT:   10.0 0.100
CENTR:  0.0 0.0 0.0
PARAM:  0.1 0.005 0.005 1.0E-12 0 1
PLANE:  0 1 2 5 6
NORIG:  10
  9.71207959E-10  1.98184301E-09  1.15576886E+00   1  2  2
  1.72948569E+00  1.72948569E+00  1.72948568E+00   1  2  2
 -1.72948569E+00 -1.72948569E+00  1.72948568E+00   1  2  2
  3.99523990E-01  3.99523987E-01 -3.99523978E-01   1  2  2
 -3.99523982E-01 -3.99523994E-01 -3.99523989E-01   1  2  2
  0.97775600     0.97775600     0.97775600         0  0  36
 -0.97775600    -0.97775600     0.97775600         0  0  36
  2.13806500     2.13806500     2.13806500         0  0  36
 -2.13806500    -2.13806500     2.13806500         0  0  36
  1.35374830E-09 -4.33080537E-09 -1.15576886E+00   0  0  36

