
TITLE:  Tetrahedrane molecular graph
PLOT:   10.0 0.100
CENTR:  0.0 0.0 0.0
PARAM:  0.1 0.005 0.005 1.0E-12 0 1
PLANE:  1 0.0 0.0 0.0
NORIG:  10
  9.71207959E-10  1.98184301E-09  1.15576886E+00   1  2  0
  1.15576886E+00 -4.37939987E-09 -2.58361695E-09   1  2  0
 -8.22575222E-10  1.15576886E+00  5.95489085E-09   1  2  0
 -1.85257715E-09 -1.15576886E+00 -5.09071821E-09   1  2  0 
 -1.15576886E+00  3.81249821E-10  9.93078583E-10   1  2  0
  1.35374830E-09 -4.33080537E-09 -1.15576886E+00   1  2  0
  1.72948569E+00  1.72948569E+00  1.72948568E+00   1  2  0
 -1.72948569E+00 -1.72948569E+00  1.72948569E+00   1  2  0
  1.72948568E+00 -1.72948568E+00 -1.72948568E+00   1  2  0
 -1.72948568E+00  1.72948568E+00 -1.72948569E+00   1  2  0

